demo path /home/tuduweb/development/lightweight/ML-NAS/experiment/nas-evocnn-autodeploy/outputs/1678615837/ncnnModels
loop_count = 200
num_threads = 1
powersave = 0
gpu_device = -1
cooling_down = 0
!@#$beginbenchmark$#@!
indi00027_00041.ncnn.param  min =   0.225  max =   0.398  avg =   0.232
times: 0.321 0.314 0.226 0.227 0.227 0.226 0.226 0.226 0.226 0.227 0.227 0.226 0.226 0.265 0.226 0.226 0.226 0.226 0.227 0.226 0.226 0.226 0.227 0.227 0.225 0.225 0.226 0.226 0.226 0.225 0.227 0.270 0.291 0.226 0.226 0.226 0.227 0.227 0.226 0.226 0.227 0.227 0.227 0.226 0.226 0.226 0.227 0.226 0.241 0.226 0.226 0.226 0.226 0.226 0.225 0.227 0.226 0.226 0.227 0.226 0.227 0.227 0.226 0.225 0.226 0.269 0.227 0.226 0.226 0.227 0.227 0.226 0.226 0.226 0.228 0.227 0.226 0.227 0.226 0.227 0.225 0.227 0.227 0.267 0.227 0.226 0.225 0.225 0.225 0.225 0.226 0.227 0.225 0.225 0.227 0.226 0.226 0.226 0.227 0.225 0.229 0.227 0.226 0.226 0.227 0.227 0.226 0.226 0.225 0.227 0.227 0.226 0.226 0.227 0.226 0.226 0.227 0.226 0.267 0.226 0.225 0.227 0.398 0.226 0.227 0.263 0.226 0.227 0.226 0.226 0.226 0.226 0.227 0.225 0.274 0.227 0.227 0.227 0.226 0.226 0.225 0.225 0.226 0.227 0.226 0.352 0.346 0.227 0.226 0.226 0.269 0.340 0.226 0.226 0.226 0.225 0.226 0.227 0.226 0.226 0.226 0.227 0.226 0.225 0.226 0.227 0.226 0.268 0.228 0.227 0.226 0.227 0.225 0.225 0.226 0.226 0.227 0.226 0.227 0.227 0.227 0.227 0.226 0.226 0.226 0.267 0.226 0.226 0.227 0.225 0.227 0.227 0.227 0.226 0.226 0.226 0.226 0.227 0.225 0.226
indi00049_00035.ncnn.param  min =   0.135  max =   0.226  avg =   0.140
times: 0.184 0.226 0.136 0.136 0.135 0.135 0.136 0.136 0.136 0.136 0.136 0.135 0.136 0.135 0.137 0.136 0.136 0.136 0.136 0.135 0.180 0.136 0.136 0.136 0.135 0.135 0.136 0.136 0.135 0.135 0.136 0.136 0.136 0.136 0.136 0.152 0.140 0.140 0.140 0.139 0.139 0.139 0.139 0.139 0.139 0.139 0.140 0.139 0.143 0.140 0.140 0.139 0.138 0.138 0.139 0.139 0.139 0.140 0.140 0.139 0.139 0.138 0.139 0.138 0.140 0.139 0.139 0.140 0.139 0.139 0.139 0.139 0.139 0.139 0.139 0.138 0.139 0.142 0.140 0.139 0.139 0.139 0.140 0.139 0.139 0.139 0.139 0.139 0.139 0.139 0.138 0.139 0.139 0.139 0.139 0.139 0.139 0.139 0.139 0.139 0.139 0.139 0.138 0.139 0.139 0.142 0.139 0.139 0.139 0.139 0.139 0.140 0.139 0.139 0.139 0.138 0.139 0.139 0.139 0.138 0.139 0.139 0.139 0.139 0.140 0.139 0.140 0.139 0.139 0.139 0.139 0.140 0.139 0.139 0.143 0.139 0.139 0.138 0.139 0.139 0.139 0.140 0.139 0.139 0.140 0.139 0.140 0.139 0.139 0.139 0.139 0.139 0.139 0.138 0.138 0.138 0.138 0.138 0.138 0.140 0.140 0.139 0.142 0.139 0.139 0.139 0.139 0.138 0.139 0.139 0.138 0.138 0.139 0.139 0.139 0.138 0.147 0.138 0.139 0.138 0.139 0.138 0.139 0.139 0.140 0.139 0.139 0.139 0.138 0.139 0.139 0.142 0.138 0.139 0.140 0.139 0.139 0.138 0.139 0.139
indi00046_00027.ncnn.param  min =   0.133  max =   0.217  avg =   0.136
times: 0.202 0.178 0.135 0.134 0.135 0.135 0.134 0.134 0.165 0.149 0.135 0.135 0.135 0.134 0.135 0.134 0.134 0.134 0.135 0.135 0.135 0.135 0.135 0.135 0.136 0.135 0.135 0.135 0.134 0.135 0.136 0.133 0.134 0.134 0.135 0.135 0.135 0.137 0.135 0.135 0.134 0.135 0.135 0.134 0.135 0.135 0.135 0.135 0.135 0.134 0.135 0.135 0.136 0.135 0.135 0.135 0.135 0.134 0.135 0.134 0.134 0.135 0.134 0.134 0.135 0.134 0.134 0.138 0.135 0.135 0.135 0.135 0.135 0.134 0.135 0.134 0.134 0.135 0.135 0.134 0.134 0.134 0.143 0.136 0.134 0.135 0.135 0.135 0.136 0.134 0.135 0.135 0.135 0.135 0.135 0.134 0.138 0.134 0.135 0.134 0.135 0.134 0.135 0.134 0.134 0.134 0.134 0.134 0.135 0.134 0.134 0.135 0.134 0.134 0.135 0.135 0.135 0.134 0.135 0.135 0.134 0.135 0.134 0.135 0.135 0.134 0.137 0.135 0.135 0.135 0.135 0.135 0.136 0.134 0.134 0.135 0.136 0.134 0.135 0.135 0.134 0.134 0.135 0.134 0.134 0.134 0.134 0.134 0.135 0.135 0.135 0.135 0.135 0.134 0.135 0.137 0.134 0.135 0.135 0.135 0.135 0.135 0.136 0.134 0.134 0.134 0.134 0.135 0.134 0.134 0.135 0.135 0.135 0.134 0.135 0.134 0.135 0.134 0.134 0.135 0.135 0.135 0.217 0.134 0.138 0.135 0.134 0.135 0.135 0.135 0.135 0.134 0.135 0.135 0.134 0.135 0.135 0.134 0.134 0.135
indi00000_00049.ncnn.param  min =   1.768  max =   2.029  avg =   1.795
times: 1.816 1.813 1.816 1.814 1.818 1.815 1.816 1.814 1.816 1.815 1.813 1.817 1.814 1.816 1.815 1.819 1.814 1.817 1.813 1.815 1.814 1.813 1.816 1.814 1.818 1.815 1.816 1.814 1.817 1.814 1.817 1.816 1.814 1.817 1.814 1.817 1.815 1.817 1.813 1.816 1.814 1.813 1.817 1.812 1.817 1.813 1.818 1.814 1.817 1.815 1.818 1.813 1.813 1.819 1.815 1.817 1.814 1.816 1.814 1.816 1.815 1.817 1.814 1.814 1.818 1.815 1.818 1.814 1.818 1.813 1.816 1.818 1.772 1.770 1.770 1.772 1.770 1.772 1.769 1.772 1.770 1.773 1.771 1.771 1.772 1.770 1.772 1.911 2.021 1.770 1.812 1.769 1.771 1.771 1.769 1.772 1.771 1.772 1.769 1.771 1.769 1.772 1.770 1.769 1.772 1.769 1.772 1.849 1.774 1.770 1.772 1.770 1.769 1.773 1.770 1.773 1.768 1.772 1.770 1.772 1.770 1.769 1.772 1.769 1.772 1.768 1.772 1.769 1.773 1.769 1.770 1.772 1.770 1.773 1.769 1.773 1.771 1.770 1.768 1.769 1.772 1.768 1.772 1.771 1.772 1.832 1.774 1.769 1.770 2.029 1.769 1.774 1.771 1.779 1.769 1.772 1.770 1.770 1.771 1.768 1.772 1.770 1.773 1.771 1.772 1.936 1.848 1.807 1.770 1.772 1.769 1.807 1.770 1.773 1.770 1.772 1.809 1.770 1.773 1.770 1.811 1.772 1.862 1.771 1.838 1.798 1.771 1.770 1.769 1.771 1.770 1.774 1.771 1.772 1.770 1.769 1.815 1.769 1.892 1.770
indi00041_00031.ncnn.param  min =   0.127  max =   0.234  avg =   0.131
times: 0.196 0.234 0.207 0.145 0.129 0.183 0.129 0.129 0.129 0.129 0.128 0.128 0.130 0.129 0.128 0.129 0.129 0.130 0.129 0.129 0.128 0.129 0.128 0.128 0.129 0.188 0.130 0.128 0.129 0.129 0.128 0.129 0.129 0.129 0.129 0.128 0.129 0.129 0.128 0.129 0.129 0.129 0.128 0.128 0.129 0.128 0.129 0.128 0.129 0.128 0.129 0.129 0.128 0.129 0.128 0.169 0.129 0.129 0.128 0.128 0.129 0.128 0.129 0.128 0.128 0.128 0.129 0.129 0.129 0.129 0.130 0.128 0.129 0.128 0.128 0.129 0.129 0.129 0.129 0.128 0.130 0.128 0.129 0.128 0.129 0.129 0.166 0.129 0.129 0.128 0.129 0.129 0.129 0.129 0.128 0.128 0.169 0.129 0.129 0.129 0.128 0.128 0.129 0.128 0.130 0.129 0.129 0.173 0.129 0.129 0.129 0.129 0.128 0.129 0.129 0.133 0.129 0.128 0.129 0.128 0.128 0.128 0.129 0.129 0.129 0.129 0.129 0.128 0.129 0.128 0.129 0.129 0.129 0.128 0.129 0.129 0.128 0.129 0.129 0.128 0.128 0.129 0.128 0.129 0.129 0.129 0.132 0.129 0.128 0.129 0.129 0.127 0.129 0.129 0.128 0.128 0.130 0.129 0.129 0.128 0.129 0.128 0.129 0.129 0.129 0.130 0.128 0.129 0.128 0.129 0.129 0.129 0.129 0.129 0.129 0.128 0.129 0.132 0.129 0.128 0.128 0.129 0.129 0.128 0.129 0.129 0.128 0.129 0.129 0.129 0.129 0.129 0.128 0.129 0.129 0.129 0.129 0.129 0.129 0.128
indi00040_00024.ncnn.param  min =   0.131  max =   0.271  avg =   0.135
times: 0.198 0.204 0.234 0.132 0.131 0.132 0.132 0.131 0.132 0.132 0.132 0.132 0.133 0.131 0.133 0.132 0.133 0.132 0.132 0.132 0.132 0.132 0.132 0.132 0.132 0.170 0.132 0.132 0.132 0.132 0.132 0.131 0.132 0.174 0.133 0.132 0.132 0.132 0.132 0.131 0.133 0.132 0.131 0.131 0.133 0.132 0.132 0.131 0.132 0.131 0.132 0.133 0.132 0.132 0.135 0.132 0.132 0.131 0.132 0.131 0.131 0.131 0.132 0.132 0.132 0.132 0.132 0.132 0.133 0.132 0.132 0.133 0.132 0.132 0.132 0.131 0.132 0.132 0.132 0.132 0.132 0.132 0.132 0.132 0.135 0.132 0.131 0.133 0.132 0.132 0.131 0.131 0.132 0.133 0.133 0.132 0.132 0.132 0.132 0.132 0.131 0.131 0.131 0.132 0.132 0.132 0.132 0.131 0.133 0.131 0.131 0.132 0.133 0.131 0.134 0.132 0.131 0.131 0.132 0.132 0.132 0.132 0.132 0.132 0.132 0.132 0.132 0.132 0.132 0.132 0.132 0.131 0.132 0.131 0.132 0.132 0.132 0.132 0.132 0.132 0.132 0.131 0.132 0.132 0.135 0.132 0.133 0.132 0.133 0.132 0.133 0.132 0.132 0.132 0.132 0.131 0.132 0.131 0.132 0.132 0.132 0.132 0.132 0.132 0.132 0.132 0.131 0.132 0.132 0.132 0.132 0.132 0.132 0.132 0.136 0.131 0.132 0.132 0.133 0.132 0.170 0.271 0.201 0.132 0.132 0.132 0.133 0.131 0.132 0.131 0.132 0.151 0.203 0.147 0.132 0.132 0.131 0.132 0.132 0.132
indi00048_00020.ncnn.param  min =   0.131  max =   0.303  avg =   0.139
times: 0.178 0.225 0.179 0.198 0.132 0.131 0.132 0.131 0.132 0.132 0.132 0.303 0.217 0.132 0.133 0.132 0.133 0.131 0.180 0.132 0.132 0.131 0.131 0.133 0.132 0.131 0.133 0.132 0.132 0.132 0.132 0.132 0.132 0.131 0.132 0.132 0.132 0.133 0.132 0.131 0.131 0.132 0.132 0.132 0.132 0.132 0.131 0.164 0.150 0.132 0.131 0.132 0.132 0.132 0.132 0.132 0.133 0.132 0.131 0.132 0.133 0.131 0.132 0.132 0.132 0.131 0.132 0.131 0.132 0.132 0.132 0.132 0.133 0.132 0.132 0.132 0.133 0.194 0.132 0.132 0.132 0.132 0.132 0.131 0.132 0.132 0.132 0.132 0.132 0.132 0.132 0.132 0.162 0.136 0.135 0.135 0.135 0.135 0.135 0.135 0.136 0.135 0.136 0.135 0.135 0.135 0.187 0.136 0.136 0.135 0.136 0.135 0.135 0.135 0.135 0.136 0.135 0.134 0.134 0.135 0.135 0.135 0.136 0.135 0.136 0.136 0.136 0.135 0.136 0.152 0.238 0.198 0.135 0.135 0.180 0.151 0.135 0.135 0.136 0.134 0.135 0.135 0.135 0.135 0.136 0.135 0.135 0.136 0.135 0.135 0.136 0.134 0.135 0.134 0.136 0.136 0.136 0.134 0.136 0.136 0.135 0.135 0.139 0.182 0.135 0.136 0.136 0.135 0.134 0.134 0.136 0.136 0.135 0.136 0.136 0.135 0.135 0.136 0.135 0.135 0.135 0.135 0.136 0.136 0.136 0.136 0.135 0.135 0.136 0.134 0.136 0.165 0.152 0.135 0.136 0.135 0.136 0.136 0.135 0.135
Segmentation fault (core dumped)
